2
50 1170
1 3 59
1 5 208
1 6 714
1 8 412
1 11 811
1 13 351
1 16 584
1 17 519
1 18 504
1 20 377
1 22 598
1 25 35
1 27 166
1 28 892
1 32 846
1 34 301
1 36 3
1 38 533
1 39 921
1 40 113
1 41 400
1 42 52
1 43 975
1 45 784
1 48 782
2 1 156
2 6 829
2 7 51
2 9 916
2 13 810
2 18 23
2 19 847
2 23 572
2 24 158
2 27 897
2 29 56
2 30 262
2 31 749
2 33 281
2 34 592
2 35 787
2 38 612
2 40 531
2 42 579
2 48 668
2 49 666
3 7 65
3 11 399
3 18 102
3 19 509
3 21 558
3 22 32
3 24 800
3 25 760
3 28 920
3 29 825
3 30 412
3 34 243
3 36 220
3 38 402
3 40 830
3 41 266
3 42 752
3 43 121
3 47 398
3 48 2
4 5 690
4 6 601
4 8 268
4 9 27
4 10 373
4 13 510
4 14 843
4 16 650
4 18 546
4 19 294
4 21 949
4 23 267
4 24 337
4 25 569
4 27 378
4 30 103
4 34 266
4 38 191
4 41 182
4 42 724
4 43 861
4 44 121
4 45 308
4 49 25
5 4 983
5 6 81
5 7 297
5 8 540
5 12 179
5 15 35
5 16 837
5 18 571
5 19 206
5 21 525
5 25 329
5 27 603
5 29 923
5 32 859
5 34 333
5 36 60
5 37 317
5 38 505
5 39 690
5 42 706
5 43 387
5 44 773
5 45 516
5 46 168
5 48 718
5 49 145
5 50 922
6 1 618
6 2 168
6 3 946
6 4 283
6 7 891
6 8 135
6 9 697
6 11 540
6 13 825
6 14 967
6 17 257
6 18 863
6 19 213
6 20 621
6 22 531
6 23 332
6 25 758
6 28 531
6 30 134
6 31 245
6 34 90
6 35 870
6 36 711
6 37 348
6 38 356
6 39 662
6 40 549
6 41 104
6 42 415
6 49 857
7 2 246
7 3 135
7 4 89
7 9 815
7 10 311
7 11 140
7 12 230
7 13 413
7 14 797
7 15 407
7 16 990
7 18 621
7 20 4
7 21 666
7 22 81
7 23 458
7 24 850
7 25 224
7 26 275
7 30 138
7 36 434
7 42 51
7 43 825
7 45 561
7 47 144
7 48 520
8 1 39
8 2 661
8 4 687
8 5 798
8 6 14
8 12 708
8 15 740
8 16 608
8 18 274
8 19 712
8 24 694
8 25 148
8 27 229
8 28 466
8 30 316
8 31 908
8 33 800
8 34 349
8 35 720
8 39 619
8 45 913
8 46 168
8 48 126
9 1 743
9 2 791
9 4 708
9 5 944
9 7 470
9 10 830
9 13 821
9 14 925
9 15 765
9 17 129
9 18 226
9 20 893
9 23 964
9 24 128
9 28 509
9 29 411
9 31 997
9 36 426
9 37 663
9 38 107
9 40 560
9 43 457
9 46 82
9 50 869
10 2 652
10 7 779
10 11 977
10 13 409
10 14 195
10 15 742
10 17 993
10 18 748
10 19 858
10 20 942
10 22 554
10 24 497
10 25 120
10 27 89
10 30 290
10 32 980
10 34 142
10 37 437
10 38 560
10 39 868
10 40 741
10 41 998
10 42 99
10 43 242
10 45 266
10 50 163
11 1 567
11 3 742
11 4 909
11 5 197
11 6 106
11 7 650
11 12 952
11 16 217
11 17 934
11 20 943
11 21 130
11 22 231
11 23 681
11 24 932
11 25 350
11 26 422
11 29 246
11 30 594
11 33 698
11 35 913
11 37 687
11 42 169
11 43 616
11 44 243
11 47 898
11 48 345
12 1 12
12 3 409
12 5 77
12 8 963
12 9 325
12 11 209
12 15 136
12 17 320
12 18 451
12 19 417
12 20 341
12 21 256
12 22 389
12 23 955
12 26 318
12 29 302
12 32 510
12 33 346
12 36 881
12 37 271
12 39 432
12 42 455
12 43 740
12 44 809
12 46 402
12 47 492
12 49 376
13 2 522
13 6 938
13 9 879
13 10 194
13 11 952
13 15 852
13 16 597
13 17 727
13 19 430
13 20 611
13 23 124
13 24 284
13 25 932
13 27 28
13 30 281
13 31 51
13 32 447
13 33 57
13 34 520
13 36 212
13 40 906
13 42 745
13 43 45
13 45 13
14 1 819
14 6 245
14 7 741
14 10 770
14 13 316
14 15 694
14 16 10
14 17 474
14 18 752
14 22 346
14 27 940
14 31 74
14 35 458
14 37 344
14 38 165
14 39 351
14 40 186
14 41 442
14 47 472
14 49 938
15 2 72
15 3 68
15 4 907
15 7 856
15 13 218
15 16 892
15 17 897
15 18 442
15 19 433
15 20 886
15 21 702
15 25 925
15 28 594
15 30 474
15 31 235
15 33 605
15 38 478
15 42 624
15 44 503
15 47 767
15 48 764
15 49 524
15 50 381
16 1 928
16 2 170
16 4 419
16 5 366
16 9 609
16 10 324
16 11 953
16 12 178
16 13 244
16 17 647
16 18 195
16 23 990
16 24 807
16 25 777
16 27 175
16 28 926
16 29 595
16 31 410
16 35 507
16 39 962
16 41 696
16 44 745
16 47 57
17 1 151
17 2 617
17 5 686
17 6 209
17 7 909
17 8 996
17 10 828
17 11 821
17 13 128
17 16 209
17 18 996
17 20 452
17 23 213
17 25 804
17 27 252
17 28 137
17 29 894
17 30 970
17 34 858
17 36 595
17 39 855
17 41 762
17 46 426
17 47 991
17 48 872
17 49 236
18 1 699
18 2 494
18 5 682
18 8 902
18 9 655
18 12 445
18 15 584
18 21 660
18 23 71
18 26 712
18 27 250
18 31 166
18 32 77
18 35 912
18 36 552
18 38 339
18 39 113
18 43 13
18 47 643
18 49 325
18 50 347
19 1 780
19 3 551
19 4 772
19 9 192
19 11 651
19 14 794
19 16 520
19 18 707
19 21 794
19 25 512
19 26 198
19 29 471
19 31 153
19 33 305
19 37 733
19 41 716
19 44 123
20 3 934
20 4 635
20 6 673
20 7 929
20 10 603
20 16 128
20 21 19
20 23 623
20 24 720
20 25 941
20 28 889
20 30 356
20 31 491
20 32 481
20 33 985
20 35 738
20 37 560
20 38 394
20 42 106
20 44 325
20 48 925
20 50 725
21 4 111
21 5 213
21 8 557
21 12 186
21 13 250
21 14 299
21 15 815
21 17 526
21 20 7
21 25 21
21 26 711
21 28 463
21 31 216
21 34 323
21 37 75
21 38 888
21 40 110
21 41 303
21 46 977
21 48 733
22 1 317
22 2 280
22 5 183
22 6 75
22 7 17
22 8 467
22 9 523
22 11 3
22 12 167
22 15 660
22 16 165
22 18 841
22 19 641
22 25 62
22 27 313
22 29 531
22 31 561
22 32 986
22 35 922
22 38 642
22 41 254
22 42 592
22 43 995
22 47 561
22 48 570
23 2 375
23 5 977
23 10 985
23 12 865
23 13 189
23 16 682
23 19 425
23 24 828
23 31 528
23 32 178
23 34 212
23 38 769
23 39 863
23 41 669
23 44 592
23 46 302
23 47 814
23 49 218
23 50 708
24 4 394
24 5 72
24 6 300
24 7 33
24 8 857
24 9 285
24 10 574
24 11 357
24 13 203
24 16 670
24 20 228
24 21 92
24 29 900
24 33 966
24 34 804
24 36 204
24 40 39
24 41 453
24 42 528
24 45 850
24 46 617
24 48 107
24 50 255
25 2 202
25 3 7
25 4 914
25 5 831
25 7 280
25 8 924
25 9 618
25 10 414
25 11 676
25 17 655
25 19 259
25 20 509
25 21 732
25 22 549
25 23 143
25 24 154
25 26 746
25 28 388
25 30 774
25 31 535
25 32 949
25 33 147
25 36 453
25 37 297
25 39 885
25 40 33
25 41 708
25 45 341
25 50 162
26 3 136
26 4 130
26 6 311
26 13 762
26 16 836
26 22 623
26 31 715
26 34 897
26 36 755
26 37 171
26 38 189
26 39 769
26 40 762
26 43 615
26 44 63
26 45 32
26 46 730
26 47 415
27 3 913
27 5 139
27 6 82
27 7 483
27 8 618
27 10 56
27 11 116
27 13 834
27 19 876
27 21 141
27 22 200
27 25 478
27 30 646
27 34 443
27 35 746
27 37 415
27 43 401
27 46 728
27 49 685
27 50 75
28 1 365
28 3 920
28 5 691
28 7 256
28 11 173
28 13 129
28 18 433
28 19 994
28 20 116
28 21 333
28 23 153
28 25 363
28 26 470
28 32 857
28 33 986
28 36 451
28 37 869
28 38 410
28 39 604
28 40 400
28 41 308
28 42 611
28 43 533
28 44 936
28 45 742
28 46 253
28 47 953
28 48 887
29 1 823
29 4 994
29 5 391
29 8 564
29 9 894
29 10 682
29 11 377
29 12 76
29 13 874
29 21 345
29 25 235
29 26 432
29 27 253
29 28 432
29 30 106
29 31 525
29 32 287
29 33 592
29 34 682
29 35 461
29 36 29
29 37 148
29 38 726
29 39 141
29 40 146
29 42 662
29 46 200
30 3 482
30 4 416
30 6 279
30 9 613
30 11 590
30 13 272
30 15 187
30 19 298
30 21 169
30 22 277
30 24 53
30 26 513
30 28 645
30 29 582
30 31 302
30 32 843
30 33 912
30 37 67
30 38 527
30 39 627
30 41 611
30 43 898
30 45 461
30 47 283
30 48 536
30 49 474
30 50 729
31 3 987
31 4 763
31 8 710
31 10 224
31 11 42
31 12 405
31 13 853
31 15 189
31 17 397
31 20 613
31 22 803
31 25 747
31 26 157
31 29 976
31 34 310
31 37 573
31 38 881
31 39 749
31 40 729
31 41 654
31 43 152
31 45 213
31 49 165
32 1 881
32 4 667
32 5 526
32 7 137
32 8 626
32 9 151
32 10 929
32 12 656
32 13 528
32 14 40
32 15 123
32 17 942
32 18 210
32 19 667
32 25 307
32 26 610
32 27 981
32 34 412
32 37 686
32 38 648
32 42 700
32 45 277
32 46 61
32 49 275
32 50 735
33 1 709
33 5 874
33 8 400
33 9 609
33 10 586
33 12 142
33 15 204
33 17 19
33 18 742
33 25 776
33 26 606
33 28 606
33 29 594
33 32 930
33 34 853
33 35 409
33 39 312
33 40 422
33 43 959
33 44 547
33 49 946
34 5 171
34 6 857
34 7 637
34 8 205
34 10 538
34 11 231
34 13 193
34 14 980
34 16 126
34 17 550
34 19 372
34 20 99
34 26 712
34 27 372
34 29 379
34 33 334
34 35 552
34 36 59
34 38 42
34 39 838
34 40 954
34 42 515
34 43 608
34 44 104
34 46 187
34 47 831
35 1 760
35 2 973
35 7 159
35 8 284
35 9 309
35 11 892
35 13 520
35 14 392
35 15 83
35 16 45
35 17 885
35 19 201
35 20 498
35 21 410
35 23 953
35 24 968
35 25 240
35 31 460
35 32 216
35 33 31
35 34 219
35 36 647
35 37 499
35 42 316
35 43 205
35 46 998
35 50 594
36 1 545
36 7 699
36 8 582
36 9 922
36 11 180
36 14 480
36 15 793
36 17 82
36 18 285
36 21 166
36 23 787
36 26 123
36 27 107
36 28 527
36 29 622
36 32 107
36 34 165
36 35 106
36 39 570
36 41 925
36 43 198
36 48 380
36 49 593
37 1 260
37 4 822
37 5 397
37 6 494
37 7 903
37 8 565
37 11 459
37 13 802
37 19 27
37 22 635
37 26 977
37 27 504
37 28 961
37 38 118
37 39 798
37 42 977
37 47 607
37 50 340
38 2 503
38 3 953
38 10 780
38 11 10
38 12 815
38 13 446
38 14 225
38 15 827
38 16 18
38 18 353
38 20 520
38 25 458
38 27 584
38 29 698
38 30 137
38 36 866
38 42 256
38 45 676
38 46 644
38 48 289
39 3 766
39 5 241
39 6 20
39 9 863
39 10 39
39 12 706
39 14 290
39 15 413
39 18 565
39 19 137
39 20 179
39 23 634
39 27 800
39 28 9
39 33 666
39 34 906
39 35 630
39 36 664
39 38 697
39 44 376
39 46 614
39 47 855
39 48 571
39 50 194
40 4 673
40 6 972
40 8 913
40 10 473
40 17 230
40 18 375
40 19 624
40 22 287
40 23 876
40 24 627
40 25 510
40 27 532
40 28 291
40 30 801
40 32 675
40 33 782
40 36 828
40 39 124
40 45 708
40 48 965
40 49 127
41 1 572
41 2 946
41 3 761
41 5 600
41 7 425
41 8 486
41 9 746
41 10 750
41 11 737
41 12 356
41 14 180
41 15 537
41 17 672
41 20 71
41 21 40
41 22 725
41 26 719
41 30 86
41 32 958
41 35 806
41 36 384
41 39 977
41 40 53
41 44 415
41 47 621
41 48 394
42 2 636
42 3 444
42 5 806
42 8 39
42 9 825
42 13 496
42 16 138
42 19 759
42 26 254
42 27 612
42 28 323
42 33 563
42 34 27
42 35 718
42 36 273
42 37 387
42 40 20
42 43 169
42 49 920
43 1 615
43 4 782
43 5 493
43 13 189
43 14 325
43 18 95
43 22 947
43 29 32
43 31 146
43 32 495
43 34 984
43 35 348
43 36 380
43 37 70
43 38 813
43 40 245
43 41 503
43 42 495
43 45 929
43 49 812
44 5 450
44 6 345
44 10 753
44 14 410
44 16 687
44 18 367
44 19 672
44 20 646
44 21 600
44 23 579
44 26 474
44 29 43
44 33 652
44 34 154
44 39 826
44 42 103
44 43 223
44 45 318
44 47 519
44 49 455
44 50 323
45 4 986
45 5 406
45 10 831
45 12 108
45 13 981
45 17 238
45 19 380
45 20 442
45 26 752
45 28 613
45 29 290
45 30 827
45 33 839
45 34 516
45 36 435
45 37 605
45 39 907
45 40 934
45 43 112
45 48 677
46 3 993
46 7 574
46 9 229
46 12 540
46 15 689
46 16 895
46 17 398
46 18 599
46 20 700
46 22 368
46 24 603
46 26 876
46 27 75
46 29 847
46 30 821
46 32 109
46 35 127
46 36 801
46 39 37
46 40 574
46 41 355
46 43 852
46 44 153
46 45 630
46 47 791
46 49 158
46 50 39
47 1 965
47 2 736
47 5 197
47 6 186
47 7 229
47 8 521
47 10 332
47 12 215
47 13 221
47 14 20
47 16 921
47 17 42
47 18 907
47 19 452
47 20 776
47 21 195
47 22 378
47 29 620
47 30 995
47 31 700
47 32 381
47 33 771
47 36 536
47 37 217
47 39 590
47 40 381
47 41 635
47 44 93
47 46 12
47 48 161
47 50 626
48 2 132
48 5 23
48 13 177
48 14 698
48 16 264
48 20 612
48 21 702
48 22 429
48 23 490
48 24 131
48 25 32
48 26 544
48 27 386
48 28 682
48 29 740
48 32 193
48 33 508
48 34 575
48 35 474
48 38 892
48 39 900
48 42 868
48 43 850
48 46 137
48 49 860
49 1 755
49 3 487
49 12 842
49 15 556
49 19 52
49 20 740
49 22 899
49 26 74
49 31 624
49 33 690
49 35 569
49 37 885
49 38 68
49 40 18
49 44 352
49 45 464
49 48 772
50 4 155
50 10 264
50 11 704
50 12 150
50 14 537
50 18 985
50 19 218
50 25 396
50 27 813
50 28 235
50 30 737
50 31 418
50 32 244
50 33 453
50 34 497
50 35 64
50 37 729
50 39 379
50 41 73
50 42 378
50 43 863
50 45 656
50 46 687
50 48 486
50 49 623
100 4888
1 5 837
1 8 454
1 9 186
1 10 29
1 15 426
1 16 682
1 17 443
1 22 121
1 27 420
1 28 11
1 29 373
1 30 596
1 33 235
1 35 354
1 38 135
1 39 754
1 40 3
1 41 900
1 51 370
1 53 280
1 54 818
1 57 345
1 58 471
1 60 323
1 63 974
1 65 634
1 67 407
1 69 375
1 70 319
1 71 559
1 75 667
1 78 627
1 79 411
1 81 208
1 84 58
1 87 385
1 89 726
1 90 160
1 91 597
1 92 849
1 94 15
1 95 602
1 97 72
2 1 160
2 3 219
2 4 467
2 5 361
2 6 406
2 7 287
2 10 554
2 11 689
2 13 600
2 14 634
2 19 779
2 20 217
2 23 352
2 24 222
2 26 816
2 28 494
2 29 513
2 30 322
2 33 439
2 34 719
2 35 160
2 36 274
2 38 560
2 40 226
2 41 513
2 42 21
2 43 617
2 44 712
2 49 783
2 52 83
2 56 700
2 60 193
2 62 815
2 63 489
2 64 579
2 65 933
2 67 331
2 69 562
2 73 60
2 74 455
2 75 499
2 76 762
2 78 538
2 80 21
2 82 588
2 87 122
2 89 604
2 95 30
2 96 848
2 98 836
3 5 383
3 6 649
3 7 697
3 9 904
3 10 750
3 13 738
3 15 309
3 16 957
3 17 229
3 18 635
3 20 10
3 22 10
3 24 179
3 25 329
3 26 896
3 27 151
3 28 5
3 29 213
3 31 160
3 32 638
3 33 765
3 35 553
3 39 645
3 40 965
3 42 868
3 43 327
3 44 32
3 45 581
3 46 9
3 47 507
3 54 261
3 55 83
3 59 644
3 60 778
3 64 940
3 66 888
3 68 926
3 72 299
3 75 379
3 76 938
3 78 56
3 79 812
3 80 349
3 82 500
3 83 459
3 86 975
3 87 252
3 89 402
3 94 661
3 95 469
3 99 354
4 2 133
4 6 394
4 7 386
4 11 309
4 12 967
4 13 544
4 15 63
4 16 272
4 17 949
4 22 161
4 23 691
4 25 105
4 26 381
4 30 12
4 31 545
4 36 859
4 37 796
4 38 435
4 39 126
4 42 955
4 45 293
4 46 945
4 47 791
4 49 124
4 51 520
4 52 800
4 59 886
4 63 599
4 64 826
4 65 351
4 66 27
4 69 723
4 71 977
4 73 385
4 77 406
4 78 12
4 80 826
4 81 747
4 85 452
4 86 688
4 89 970
4 93 374
4 94 236
4 95 646
4 96 783
4 97 976
4 100 682
5 6 409
5 7 698
5 12 128
5 20 783
5 22 761
5 23 684
5 25 716
5 26 956
5 27 429
5 28 250
5 30 375
5 31 747
5 32 339
5 35 825
5 36 563
5 38 667
5 39 203
5 40 631
5 42 246
5 43 204
5 47 253
5 48 995
5 53 526
5 56 164
5 58 386
5 59 132
5 62 761
5 64 273
5 65 605
5 67 477
5 68 244
5 69 450
5 70 423
5 71 976
5 72 911
5 73 285
5 76 915
5 82 356
5 83 659
5 86 845
5 89 407
5 91 448
5 93 984
5 94 962
5 95 485
5 97 913
5 98 587
5 99 927
6 1 703
6 4 729
6 7 256
6 9 784
6 10 170
6 11 244
6 13 650
6 17 31
6 19 690
6 21 948
6 23 479
6 25 189
6 33 531
6 36 171
6 37 313
6 39 568
6 41 711
6 44 912
6 46 194
6 47 114
6 48 501
6 49 746
6 53 188
6 54 228
6 61 583
6 65 117
6 68 609
6 70 925
6 73 463
6 74 460
6 77 30
6 78 815
6 81 232
6 84 72
6 85 31
6 87 626
6 90 600
6 93 941
6 94 637
6 96 162
6 98 133
7 1 918
7 2 983
7 3 999
7 8 850
7 9 957
7 11 646
7 13 663
7 14 283
7 16 412
7 17 996
7 20 680
7 21 178
7 23 769
7 25 343
7 26 445
7 27 703
7 28 991
7 30 979
7 33 355
7 36 288
7 38 158
7 39 935
7 42 831
7 43 833
7 45 434
7 46 348
7 47 223
7 48 79
7 50 173
7 55 87
7 56 977
7 61 667
7 63 968
7 66 225
7 69 174
7 70 708
7 72 962
7 73 490
7 74 82
7 83 177
7 86 60
7 89 614
7 90 159
7 95 116
7 99 59
8 1 716
8 7 667
8 9 915
8 10 190
8 12 721
8 13 872
8 15 630
8 16 988
8 18 938
8 21 65
8 23 900
8 26 90
8 29 343
8 35 472
8 37 760
8 39 715
8 40 460
8 41 545
8 43 62
8 46 266
8 47 678
8 48 752
8 53 220
8 55 733
8 57 545
8 58 964
8 61 116
8 65 281
8 68 48
8 69 147
8 71 570
8 73 319
8 76 852
8 79 234
8 80 676
8 81 52
8 83 521
8 86 549
8 87 826
8 88 545
8 89 610
8 91 856
8 93 935
8 94 411
8 96 285
8 97 378
8 100 936
9 3 207
9 6 75
9 7 660
9 10 811
9 12 534
9 13 919
9 17 107
9 19 56
9 21 974
9 25 747
9 30 109
9 31 468
9 32 253
9 33 130
9 34 195
9 36 911
9 37 661
9 41 648
9 42 415
9 46 793
9 47 686
9 49 465
9 50 904
9 52 403
9 53 615
9 56 359
9 62 221
9 63 626
9 65 622
9 67 518
9 71 939
9 72 210
9 73 408
9 79 575
9 83 493
9 84 75
9 86 328
9 87 931
9 88 998
9 89 846
9 90 816
9 91 814
9 95 643
9 97 844
10 2 21
10 4 464
10 6 937
10 9 42
10 11 991
10 12 180
10 14 427
10 17 829
10 18 539
10 25 730
10 26 799
10 27 128
10 29 121
10 33 603
10 35 394
10 36 108
10 37 265
10 38 370
10 40 169
10 41 340
10 45 569
10 47 289
10 49 229
10 54 16
10 56 22
10 57 178
10 58 961
10 59 110
10 60 173
10 62 777
10 63 107
10 65 316
10 66 92
10 69 413
10 73 240
10 74 584
10 76 176
10 78 413
10 79 914
10 80 628
10 84 13
10 91 401
10 92 690
10 94 609
10 95 502
10 97 308
10 99 242
11 4 835
11 5 244
11 6 247
11 9 973
11 14 112
11 15 276
11 16 952
11 19 841
11 20 33
11 22 123
11 23 467
11 27 735
11 29 465
11 32 841
11 33 140
11 36 355
11 40 327
11 43 517
11 44 986
11 45 983
11 46 702
11 47 209
11 49 903
11 50 275
11 51 502
11 52 741
11 54 236
11 55 832
11 56 334
11 58 387
11 59 149
11 60 563
11 64 405
11 65 406
11 66 637
11 68 50
11 70 800
11 74 843
11 76 227
11 79 757
11 80 727
11 82 840
11 83 267
11 86 832
11 88 970
11 91 94
11 92 108
11 93 870
11 94 48
11 95 665
11 97 436
11 99 459
12 1 864
12 2 523
12 3 163
12 4 737
12 5 79
12 8 835
12 11 132
12 13 643
12 14 827
12 15 428
12 17 940
12 19 159
12 22 250
12 23 212
12 24 951
12 25 660
12 26 123
12 29 423
12 30 761
12 31 987
12 32 22
12 33 144
12 34 89
12 36 403
12 41 779
12 43 859
12 50 562
12 51 418
12 52 719
12 55 291
12 57 190
12 59 149
12 60 871
12 62 101
12 63 243
12 64 480
12 66 276
12 70 20
12 75 656
12 76 160
12 79 144
12 80 558
12 81 100
12 83 546
12 84 307
12 86 936
12 88 477
12 89 116
12 90 456
12 91 712
12 95 745
12 97 145
12 99 418
13 2 7
13 7 950
13 8 902
13 10 667
13 11 554
13 14 732
13 17 686
13 21 891
13 26 335
13 27 69
13 28 119
13 29 606
13 30 542
13 31 695
13 33 557
13 36 684
13 37 36
13 38 742
13 42 543
13 43 799
13 45 78
13 48 174
13 50 455
13 57 18
13 58 708
13 59 160
13 60 319
13 61 427
13 62 13
13 64 348
13 66 290
13 69 27
13 71 549
13 73 886
13 75 49
13 80 636
13 81 792
13 82 814
13 83 915
13 86 631
13 87 239
13 90 700
13 92 509
13 94 319
13 97 107
13 98 494
13 99 771
14 1 660
14 2 551
14 3 346
14 9 148
14 10 697
14 15 46
14 16 447
14 19 65
14 20 967
14 22 995
14 24 246
14 26 642
14 30 768
14 32 785
14 35 598
14 36 548
14 38 579
14 40 826
14 41 980
14 42 824
14 43 8
14 44 877
14 45 449
14 46 532
14 50 253
14 53 766
14 54 893
14 60 922
14 63 394
14 66 240
14 72 539
14 73 881
14 78 290
14 79 246
14 85 705
14 87 395
14 90 646
14 94 26
14 95 302
14 97 911
14 98 572
14 100 167
15 1 909
15 3 827
15 5 660
15 8 470
15 11 190
15 13 598
15 14 467
15 17 127
15 19 173
15 20 654
15 21 634
15 23 33
15 24 924
15 27 163
15 28 587
15 29 489
15 32 689
15 36 308
15 40 438
15 41 65
15 42 15
15 43 447
15 44 732
15 48 685
15 49 529
15 51 938
15 56 531
15 61 640
15 63 87
15 64 800
15 66 981
15 67 359
15 68 583
15 70 71
15 72 476
15 76 868
15 77 676
15 79 872
15 81 586
15 82 920
15 83 291
15 85 271
15 86 467
15 91 136
15 92 676
15 93 378
15 94 334
15 96 810
15 97 82
15 98 321
15 99 62
15 100 570
16 4 644
16 9 531
16 10 266
16 13 511
16 17 353
16 18 510
16 25 786
16 26 535
16 29 985
16 32 971
16 33 669
16 35 492
16 38 330
16 39 673
16 40 724
16 42 645
16 45 306
16 46 283
16 47 806
16 48 814
16 49 896
16 50 650
16 52 790
16 53 944
16 54 187
16 59 813
16 62 812
16 63 814
16 65 507
16 67 119
16 68 722
16 69 59
16 72 276
16 74 663
16 75 846
16 76 351
16 77 861
16 78 661
16 80 379
16 81 515
16 82 120
16 84 580
16 86 328
16 87 785
16 88 716
16 90 316
16 91 560
16 92 23
16 93 626
16 94 148
16 96 534
16 98 266
16 99 601
16 100 278
17 1 874
17 4 856
17 6 16
17 7 851
17 8 572
17 10 416
17 14 567
17 15 121
17 16 969
17 22 637
17 23 248
17 25 814
17 26 619
17 29 804
17 33 441
17 35 839
17 37 109
17 38 477
17 40 949
17 41 986
17 45 14
17 47 287
17 49 857
17 50 577
17 51 345
17 54 934
17 57 690
17 58 383
17 63 653
17 64 889
17 65 657
17 66 746
17 69 105
17 76 663
17 79 184
17 80 5
17 82 862
17 84 302
17 86 307
17 88 213
17 89 526
17 90 51
17 91 904
17 93 86
17 94 893
17 95 956
17 97 880
17 98 974
18 2 482
18 3 286
18 4 203
18 8 270
18 9 401
18 13 436
18 15 617
18 17 763
18 19 495
18 20 457
18 22 6
18 30 853
18 31 201
18 33 922
18 35 445
18 37 968
18 39 679
18 42 87
18 43 932
18 45 557
18 46 876
18 47 619
18 50 506
18 51 356
18 52 324
18 54 384
18 55 390
18 57 196
18 58 611
18 59 454
18 62 19
18 65 389
18 66 401
18 72 326
18 79 176
18 82 419
18 87 295
18 92 221
18 93 343
18 96 532
18 98 1000
18 99 819
18 100 999
19 1 843
19 3 911
19 4 583
19 7 607
19 10 549
19 14 743
19 15 287
19 16 11
19 17 501
19 18 123
19 20 986
19 21 956
19 25 335
19 26 128
19 30 922
19 31 976
19 33 830
19 35 743
19 37 149
19 38 482
19 40 467
19 42 221
19 50 383
19 51 99
19 52 272
19 53 551
19 55 977
19 56 839
19 64 338
19 65 315
19 69 78
19 70 624
19 71 897
19 72 481
19 75 262
19 78 52
19 80 755
19 81 296
19 83 454
19 84 900
19 85 970
19 86 472
19 87 667
19 88 688
19 90 742
19 92 300
19 96 32
19 98 654
19 99 93
20 5 39
20 6 456
20 9 530
20 10 807
20 11 840
20 12 966
20 15 192
20 19 20
20 21 408
20 22 222
20 24 993
20 25 297
20 26 844
20 27 216
20 32 984
20 33 821
20 35 881
20 37 789
20 39 404
20 41 211
20 43 835
20 44 386
20 45 529
20 46 703
20 47 614
20 51 582
20 52 94
20 53 329
20 55 944
20 58 511
20 59 102
20 60 527
20 62 344
20 63 322
20 65 954
20 66 336
20 71 771
20 72 204
20 73 720
20 75 91
20 77 302
20 78 120
20 80 756
20 82 731
20 86 365
20 87 641
20 89 873
20 90 336
20 91 638
20 95 169
20 97 694
20 98 764
20 100 168
21 2 950
21 5 826
21 6 808
21 7 759
21 8 223
21 9 184
21 15 265
21 18 203
21 22 116
21 24 178
21 25 732
21 27 11
21 29 864
21 30 491
21 34 398
21 36 916
21 37 396
21 38 575
21 40 745
21 41 799
21 42 662
21 44 142
21 45 265
21 46 913
21 47 433
21 52 316
21 53 999
21 56 103
21 57 518
21 60 876
21 66 597
21 70 784
21 72 183
21 76 373
21 77 591
21 79 420
21 80 270
21 81 155
21 82 743
21 88 785
21 90 960
21 91 749
21 92 386
21 96 358
21 97 63
21 99 288
22 1 800
22 4 830
22 5 682
22 7 827
22 8 512
22 10 458
22 14 415
22 19 362
22 21 379
22 23 229
22 31 934
22 33 919
22 35 954
22 36 783
22 37 231
22 38 990
22 41 156
22 42 544
22 44 422
22 45 96
22 46 973
22 47 362
22 50 810
22 52 410
22 56 529
22 58 632
22 61 519
22 62 807
22 63 435
22 64 587
22 66 993
22 68 267
22 70 678
22 71 131
22 73 86
22 74 427
22 75 523
22 76 536
22 77 660
22 79 478
22 80 434
22 82 139
22 85 595
22 86 110
22 87 244
22 96 104
22 99 636
22 100 835
23 2 164
23 6 496
23 12 479
23 14 647
23 15 159
23 18 722
23 19 661
23 20 140
23 24 877
23 26 389
23 27 81
23 29 849
23 31 278
23 32 11
23 33 419
23 35 514
23 36 889
23 37 879
23 40 737
23 43 830
23 46 657
23 52 700
23 58 470
23 59 834
23 61 741
23 62 683
23 63 883
23 64 536
23 65 459
23 66 776
23 67 369
23 70 305
23 71 118
23 75 204
23 79 198
23 80 420
23 81 969
23 83 641
23 85 805
23 87 898
23 89 51
23 92 120
23 93 15
23 96 563
23 99 162
23 100 847
24 7 846
24 8 885
24 9 606
24 10 869
24 16 39
24 18 213
24 19 415
24 21 174
24 22 269
24 25 122
24 27 736
24 28 549
24 29 481
24 30 354
24 31 247
24 32 535
24 34 403
24 36 709
24 37 490
24 39 840
24 41 596
24 42 61
24 43 666
24 44 568
24 46 799
24 47 399
24 49 546
24 50 477
24 51 425
24 52 421
24 53 753
24 56 552
24 57 75
24 58 106
24 59 397
24 60 796
24 64 990
24 66 35
24 67 625
24 69 622
24 73 922
24 74 384
24 75 256
24 83 166
24 84 703
24 86 121
24 87 485
24 89 510
24 90 911
24 91 51
24 92 131
24 94 200
24 95 100
24 96 332
25 3 854
25 5 978
25 10 308
25 11 102
25 12 944
25 13 955
25 14 896
25 15 736
25 20 355
25 21 431
25 22 834
25 24 181
25 26 226
25 27 174
25 29 435
25 32 996
25 33 108
25 36 869
25 37 295
25 38 719
25 39 578
25 42 826
25 43 858
25 44 756
25 47 778
25 48 438
25 49 907
25 55 606
25 57 816
25 58 438
25 59 446
25 63 48
25 66 181
25 68 995
25 70 764
25 71 274
25 72 343
25 73 795
25 74 829
25 76 497
25 78 547
25 79 869
25 80 72
25 84 710
25 85 156
25 86 845
25 87 708
25 91 17
25 92 145
25 93 220
25 94 721
25 96 787
25 97 868
25 98 650
25 99 751
26 1 399
26 2 900
26 3 569
26 4 985
26 6 880
26 8 871
26 11 810
26 14 491
26 19 579
26 20 888
26 21 617
26 23 239
26 25 58
26 27 452
26 28 633
26 31 765
26 33 434
26 34 953
26 35 764
26 36 509
26 37 118
26 39 422
26 42 367
26 45 771
26 48 708
26 53 576
26 57 38
26 62 735
26 66 807
26 69 838
26 72 359
26 73 946
26 76 272
26 78 829
26 79 385
26 81 7
26 83 647
26 84 820
26 86 126
26 87 937
26 88 399
26 90 730
26 91 46
26 92 10
26 93 33
26 94 454
26 95 228
26 97 733
27 3 980
27 4 490
27 5 53
27 7 269
27 10 43
27 13 921
27 14 112
27 15 366
27 16 154
27 18 364
27 19 978
27 21 161
27 24 786
27 29 901
27 31 534
27 32 434
27 34 783
27 36 256
27 38 520
27 39 773
27 40 680
27 41 703
27 45 846
27 46 387
27 48 212
27 49 416
27 52 99
27 53 216
27 54 963
27 59 433
27 60 675
27 61 253
27 62 541
27 63 467
27 66 405
27 70 816
27 71 806
27 72 965
27 73 973
27 74 762
27 79 233
27 80 941
27 81 649
27 83 948
27 90 350
27 93 36
27 94 241
27 95 562
27 96 601
27 97 493
27 100 385
28 1 765
28 6 251
28 7 343
28 8 831
28 9 391
28 11 409
28 13 302
28 14 513
28 15 236
28 16 231
28 17 477
28 19 585
28 22 148
28 24 529
28 25 187
28 26 509
28 30 200
28 31 136
28 32 190
28 36 59
28 39 483
28 40 143
28 45 29
28 48 607
28 50 336
28 51 988
28 54 192
28 56 431
28 57 288
28 61 254
28 66 632
28 68 254
28 71 964
28 72 404
28 76 631
28 78 728
28 80 136
28 85 760
28 87 103
28 88 296
28 89 431
28 90 725
28 91 294
28 96 59
28 98 686
29 2 311
29 3 524
29 4 563
29 7 679
29 8 131
29 11 875
29 14 105
29 16 967
29 18 616
29 26 495
29 28 3
29 30 186
29 35 651
29 36 908
29 38 224
29 40 563
29 44 112
29 45 130
29 47 209
29 50 894
29 53 295
29 54 404
29 55 678
29 56 244
29 59 451
29 60 558
29 61 47
29 62 52
29 64 237
29 65 479
29 67 175
29 73 596
29 76 367
29 79 911
29 81 190
29 85 384
29 86 682
29 87 479
29 89 636
29 90 470
29 92 971
29 98 949
30 1 481
30 6 584
30 7 376
30 8 890
30 9 372
30 13 196
30 20 511
30 22 337
30 24 362
30 26 379
30 31 355
30 32 849
30 38 765
30 40 36
30 41 414
30 42 425
30 45 406
30 47 940
30 49 307
30 51 718
30 53 672
30 55 393
30 56 815
30 57 492
30 59 329
30 60 618
30 63 877
30 64 123
30 66 742
30 68 862
30 69 39
30 70 263
30 72 720
30 75 854
30 80 93
30 82 910
30 87 148
30 88 43
30 89 924
30 93 515
30 94 488
30 97 198
30 98 458
31 2 448
31 4 468
31 5 704
31 7 217
31 9 517
31 12 393
31 14 979
31 15 696
31 17 488
31 19 329
31 26 919
31 27 557
31 28 254
31 29 201
31 32 925
31 33 691
31 36 524
31 37 454
31 38 469
31 39 695
31 40 653
31 41 363
31 43 748
31 44 992
31 45 321
31 48 217
31 49 485
31 53 419
31 54 272
31 56 312
31 57 126
31 58 754
31 62 698
31 64 419
31 66 842
31 67 886
31 68 150
31 69 223
31 71 838
31 72 649
31 73 933
31 74 615
31 75 397
31 76 770
31 77 467
31 79 570
31 81 671
31 82 440
31 83 209
31 84 165
31 85 672
31 86 590
31 88 426
31 89 179
31 93 221
31 94 784
31 97 304
31 99 308
31 100 433
32 2 674
32 6 745
32 7 853
32 8 816
32 9 123
32 11 898
32 15 463
32 16 728
32 17 122
32 19 545
32 21 667
32 22 426
32 24 819
32 26 852
32 27 388
32 30 736
32 31 423
32 33 173
32 36 837
32 40 53
32 41 551
32 43 242
32 46 107
32 48 657
32 49 963
32 51 607
32 56 22
32 57 847
32 58 88
32 59 295
32 63 92
32 66 60
32 70 929
32 71 993
32 72 716
32 73 60
32 74 534
32 77 619
32 78 556
32 83 26
32 84 923
32 85 388
32 87 436
32 88 330
32 90 232
32 91 276
32 93 706
32 95 431
32 96 495
32 97 717
32 98 452
32 100 947
33 2 91
33 3 693
33 5 97
33 10 566
33 12 23
33 15 627
33 19 800
33 20 110
33 23 534
33 26 209
33 31 283
33 32 899
33 34 486
33 41 418
33 45 264
33 47 909
33 50 365
33 55 362
33 57 149
33 58 611
33 59 287
33 62 30
33 64 222
33 66 708
33 67 432
33 68 480
33 73 950
33 74 812
33 77 356
33 80 598
33 81 766
33 86 186
33 90 210
33 91 802
33 92 472
33 96 794
33 100 22
34 1 104
34 2 615
34 3 314
34 4 672
34 6 80
34 9 75
34 10 270
34 12 740
34 14 385
34 15 442
34 16 772
34 17 32
34 21 942
34 23 610
34 27 764
34 30 645
34 31 674
34 32 585
34 35 899
34 36 554
34 37 542
34 38 406
34 39 146
34 42 810
34 44 807
34 45 637
34 48 897
34 49 238
34 50 226
34 51 665
34 52 798
34 55 840
34 56 120
34 59 177
34 60 233
34 62 889
34 63 627
34 64 483
34 66 985
34 70 295
34 73 333
34 74 811
34 81 645
34 83 887
34 86 295
34 89 912
34 90 524
34 92 629
34 93 393
34 95 180
34 96 147
35 1 824
35 2 279
35 5 157
35 7 49
35 8 240
35 11 537
35 14 729
35 15 613
35 16 118
35 17 782
35 21 288
35 24 892
35 25 694
35 26 972
35 28 787
35 29 420
35 30 391
35 34 347
35 36 181
35 37 415
35 40 572
35 41 712
35 43 538
35 44 467
35 45 691
35 46 29
35 47 866
35 48 51
35 49 320
35 51 919
35 52 916
35 53 227
35 54 592
35 55 953
35 58 54
35 59 661
35 65 61
35 68 569
35 69 449
35 70 45
35 71 320
35 72 710
35 75 535
35 76 488
35 77 233
35 79 633
35 81 748
35 82 681
35 83 372
35 84 655
35 85 878
35 87 448
35 88 23
35 90 268
35 96 404
35 98 719
36 1 308
36 2 363
36 5 586
36 12 497
36 14 586
36 15 978
36 18 78
36 24 8
36 28 861
36 37 30
36 38 82
36 39 130
36 41 295
36 43 902
36 44 870
36 45 383
36 48 767
36 50 224
36 51 546
36 53 500
36 54 995
36 56 907
36 57 45
36 59 259
36 60 436
36 61 746
36 64 982
36 66 69
36 67 622
36 70 589
36 71 877
36 72 125
36 73 674
36 75 352
36 81 558
36 84 521
36 89 518
36 94 931
36 95 998
36 96 288
37 1 536
37 6 592
37 7 602
37 9 856
37 10 78
37 11 546
37 12 358
37 16 411
37 20 644
37 24 783
37 27 10
37 29 989
37 31 885
37 32 699
37 36 875
37 39 142
37 40 212
37 41 267
37 42 848
37 43 450
37 46 446
37 47 847
37 48 356
37 52 315
37 53 635
37 55 284
37 57 844
37 60 466
37 63 517
37 64 873
37 68 293
37 69 639
37 73 947
37 75 523
37 78 723
37 79 342
37 80 464
37 81 734
37 82 404
37 83 591
37 84 490
37 85 490
37 86 544
37 88 599
37 91 679
37 92 873
37 93 331
37 98 877
37 99 729
37 100 555
38 1 926
38 2 163
38 3 872
38 6 281
38 8 315
38 10 423
38 13 894
38 14 181
38 16 676
38 17 694
38 19 741
38 20 661
38 22 993
38 23 596
38 24 151
38 26 469
38 29 586
38 32 876
38 34 71
38 39 91
38 42 397
38 46 307
38 52 16
38 54 561
38 55 515
38 58 162
38 59 393
38 62 691
38 63 480
38 66 642
38 67 116
38 68 85
38 69 985
38 70 150
38 72 465
38 73 377
38 76 992
38 77 205
38 80 847
38 81 443
38 83 660
38 84 141
38 85 516
38 88 914
38 90 444
38 92 831
38 93 127
38 95 279
38 97 618
38 98 749
38 100 825
39 1 175
39 9 954
39 12 382
39 13 423
39 15 609
39 16 562
39 17 36
39 19 108
39 20 718
39 22 788
39 23 579
39 27 478
39 28 742
39 30 984
39 33 293
39 35 41
39 36 976
39 37 959
39 38 249
39 41 284
39 42 974
39 45 696
39 46 558
39 48 304
39 54 678
39 56 290
39 59 145
39 60 935
39 61 22
39 65 582
39 68 876
39 71 363
39 73 337
39 75 858
39 76 981
39 79 365
39 80 24
39 81 239
39 82 719
39 83 543
39 85 45
39 91 911
39 92 916
39 95 343
39 97 406
39 100 224
40 2 163
40 5 427
40 6 284
40 7 58
40 9 77
40 10 842
40 13 563
40 15 733
40 17 66
40 19 965
40 23 499
40 24 539
40 25 718
40 26 248
40 28 368
40 29 42
40 33 106
40 34 716
40 44 495
40 46 623
40 48 819
40 53 679
40 56 547
40 58 418
40 63 997
40 64 602
40 65 24
40 66 762
40 69 408
40 70 795
40 72 453
40 73 295
40 77 213
40 80 657
40 81 156
40 87 970
40 89 329
40 92 589
40 93 313
40 94 89
40 99 976
40 100 729
41 6 397
41 7 788
41 9 672
41 10 323
41 11 868
41 12 569
41 15 174
41 16 24
41 18 224
41 21 327
41 22 860
41 24 870
41 27 915
41 29 750
41 30 724
41 31 744
41 32 540
41 34 989
41 35 897
41 36 44
41 38 881
41 40 156
41 44 66
41 45 157
41 46 661
41 49 244
41 51 235
41 52 823
41 54 286
41 55 831
41 57 944
41 58 893
41 59 595
41 60 88
41 62 793
41 63 914
41 64 501
41 65 566
41 66 552
41 69 909
41 72 624
41 74 421
41 75 654
41 78 533
41 79 54
41 81 899
41 82 898
41 89 292
41 90 378
41 91 879
41 92 148
41 93 304
41 96 825
41 99 248
41 100 706
42 2 781
42 3 550
42 6 329
42 9 269
42 10 299
42 11 844
42 12 398
42 13 549
42 14 474
42 15 878
42 16 8
42 19 670
42 20 461
42 21 454
42 22 445
42 24 211
42 27 865
42 33 713
42 36 738
42 37 764
42 38 538
42 40 145
42 41 549
42 44 445
42 45 138
42 46 860
42 47 839
42 48 74
42 52 943
42 54 134
42 56 932
42 60 694
42 62 237
42 64 85
42 65 425
42 66 133
42 69 934
42 73 747
42 77 211
42 78 498
42 80 441
42 81 768
42 82 136
42 84 263
42 89 493
42 91 36
42 92 24
42 93 925
42 95 321
42 100 940
43 1 912
43 2 382
43 5 912
43 7 448
43 9 807
43 12 429
43 13 12
43 14 651
43 17 201
43 19 390
43 21 439
43 22 817
43 23 983
43 24 463
43 26 32
43 27 689
43 30 622
43 31 425
43 33 195
43 34 418
43 36 640
43 37 415
43 38 223
43 44 9
43 45 799
43 46 131
43 47 930
43 50 374
43 51 497
43 53 268
43 54 109
43 55 911
43 57 455
43 58 658
43 59 259
43 60 109
43 62 141
43 64 892
43 65 201
43 67 338
43 68 542
43 69 711
43 70 758
43 71 551
43 75 351
43 76 327
43 77 353
43 81 51
43 83 726
43 84 942
43 86 62
43 87 491
43 88 798
43 89 65
43 90 10
43 91 596
43 94 599
43 96 641
43 98 811
44 3 1
44 4 699
44 5 869
44 6 658
44 9 718
44 11 501
44 13 140
44 14 416
44 16 89
44 18 787
44 20 124
44 22 561
44 24 451
44 25 567
44 26 757
44 27 564
44 28 170
44 29 756
44 32 109
44 35 267
44 36 23
44 37 160
44 39 815
44 46 6
44 47 517
44 50 704
44 53 237
44 54 898
44 57 232
44 58 719
44 61 773
44 63 68
44 64 554
44 66 990
44 68 99
44 69 398
44 73 1000
44 74 796
44 75 25
44 79 587
44 81 338
44 82 804
44 85 386
44 86 486
44 87 324
44 88 949
44 89 896
44 90 271
44 94 343
44 95 224
44 98 141
44 100 280
45 3 44
45 6 613
45 9 54
45 10 33
45 13 61
45 14 651
45 17 726
45 18 178
45 19 42
45 20 413
45 21 180
45 23 701
45 24 956
45 27 53
45 28 865
45 34 418
45 36 458
45 38 128
45 39 796
45 41 922
45 43 674
45 44 403
45 47 952
45 48 502
45 49 480
45 55 40
45 56 885
45 60 643
45 62 295
45 63 685
45 71 336
45 72 410
45 74 401
45 75 983
45 76 809
45 78 981
45 79 750
45 80 732
45 82 808
45 83 730
45 84 737
45 86 693
45 88 10
45 90 325
45 92 396
45 94 396
45 95 180
45 96 219
45 98 457
45 99 935
45 100 833
46 1 453
46 4 5
46 5 904
46 8 774
46 9 448
46 11 736
46 13 916
46 15 962
46 16 136
46 17 763
46 19 446
46 22 144
46 24 765
46 25 916
46 27 49
46 29 929
46 30 666
46 35 784
46 36 781
46 39 871
46 40 22
46 45 437
46 47 260
46 48 754
46 49 541
46 50 130
46 51 486
46 52 66
46 53 551
46 60 428
46 61 230
46 62 661
46 63 722
46 64 827
46 65 25
46 66 264
46 67 498
46 72 818
46 73 167
46 75 175
46 77 259
46 81 980
46 82 595
46 83 697
46 84 32
46 87 808
46 88 893
46 89 464
46 91 912
46 94 264
46 97 803
46 99 698
47 5 518
47 6 14
47 9 496
47 10 833
47 12 294
47 13 934
47 16 206
47 17 355
47 21 924
47 24 304
47 27 840
47 29 826
47 30 761
47 31 778
47 32 108
47 33 359
47 34 886
47 35 447
47 37 245
47 39 824
47 40 119
47 41 667
47 43 732
47 44 584
47 49 615
47 50 58
47 51 539
47 54 793
47 55 350
47 59 266
47 61 888
47 63 499
47 66 638
47 67 694
47 69 447
47 71 280
47 72 521
47 73 193
47 75 85
47 78 425
47 83 18
47 84 958
47 88 383
47 89 232
47 90 523
47 91 365
47 94 739
47 95 63
47 97 378
47 98 880
47 99 558
47 100 576
48 1 322
48 2 910
48 3 233
48 4 209
48 5 623
48 7 652
48 10 247
48 12 613
48 14 834
48 17 587
48 20 305
48 21 569
48 22 469
48 28 859
48 30 548
48 34 473
48 35 775
48 37 659
48 41 234
48 46 973
48 47 5
48 50 484
48 51 185
48 52 761
48 54 829
48 55 930
48 56 205
48 58 865
48 59 177
48 64 938
48 65 994
48 68 240
48 70 663
48 71 406
48 75 756
48 76 313
48 77 718
48 79 984
48 81 357
48 83 380
48 84 974
48 85 862
48 89 848
48 90 594
48 91 486
48 94 38
48 96 479
48 98 624
49 3 423
49 6 324
49 9 656
49 10 38
49 13 711
49 16 222
49 20 751
49 22 915
49 23 656
49 27 257
49 31 345
49 34 555
49 36 696
49 39 607
49 41 37
49 46 949
49 48 83
49 51 386
49 53 941
49 54 103
49 56 925
49 57 645
49 59 588
49 60 301
49 61 367
49 63 403
49 65 634
49 66 446
49 67 894
49 68 540
49 69 52
49 70 209
49 72 944
49 73 479
49 74 219
49 76 279
49 81 657
49 82 846
49 86 708
49 87 698
49 89 147
49 90 983
49 91 48
49 93 438
49 94 456
49 95 48
49 97 901
49 98 332
49 99 269
49 100 479
50 2 129
50 3 693
50 5 124
50 7 878
50 8 961
50 10 903
50 11 880
50 13 185
50 19 432
50 21 929
50 22 126
50 23 331
50 25 858
50 26 680
50 28 495
50 29 99
50 31 629
50 34 166
50 35 55
50 36 362
50 38 730
50 40 904
50 45 857
50 46 267
50 47 856
50 48 225
50 52 812
50 54 96
50 56 891
50 58 982
50 59 513
50 65 229
50 66 353
50 67 701
50 69 618
50 70 701
50 73 254
50 76 471
50 77 257
50 78 836
50 79 234
50 80 963
50 81 448
50 83 751
50 85 325
50 86 445
50 89 577
50 91 197
50 93 271
50 94 542
50 95 152
50 97 789
50 99 629
50 100 209
51 2 916
51 6 254
51 13 379
51 19 669
51 20 570
51 25 387
51 27 457
51 30 196
51 31 781
51 32 443
51 33 661
51 35 664
51 36 784
51 37 452
51 39 542
51 40 313
51 43 352
51 45 626
51 47 728
51 48 38
51 49 396
51 56 43
51 67 770
51 68 231
51 70 196
51 74 776
51 77 878
51 78 17
51 79 328
51 81 406
51 83 235
51 84 965
51 85 150
51 86 490
51 88 282
51 90 794
51 95 318
51 96 863
51 97 217
51 100 222
52 1 12
52 2 809
52 4 43
52 8 707
52 10 33
52 11 370
52 13 17
52 17 126
52 20 807
52 21 140
52 22 493
52 24 380
52 25 644
52 28 125
52 31 106
52 32 547
52 34 295
52 37 882
52 38 740
52 39 958
52 41 582
52 43 398
52 45 269
52 48 586
52 54 182
52 57 346
52 60 212
52 61 773
52 62 856
52 63 432
52 64 701
52 65 737
52 67 868
52 68 17
52 69 527
52 74 940
52 75 648
52 76 285
52 80 643
52 81 876
52 84 153
52 85 283
52 86 864
52 91 478
52 93 13
52 100 937
53 2 531
53 3 134
53 11 446
53 16 504
53 17 127
53 18 577
53 19 684
53 20 653
53 24 811
53 31 973
53 32 173
53 38 971
53 41 120
53 43 540
53 47 471
53 48 167
53 52 424
53 59 747
53 60 319
53 62 756
53 63 190
53 66 30
53 67 653
53 69 271
53 70 504
53 72 165
53 75 935
53 76 760
53 77 201
53 79 301
53 83 386
53 86 253
53 87 614
53 89 7
53 94 969
53 95 351
53 100 245
54 1 417
54 2 909
54 3 689
54 6 145
54 7 374
54 8 366
54 12 959
54 14 684
54 15 72
54 16 212
54 17 910
54 21 544
54 22 372
54 24 129
54 25 441
54 26 933
54 28 891
54 30 56
54 31 55
54 34 405
54 35 783
54 36 729
54 38 25
54 42 33
54 45 838
54 47 223
54 48 359
54 49 250
54 51 586
54 52 172
54 56 945
54 57 629
54 58 37
54 62 672
54 64 439
54 65 185
54 66 75
54 72 1
54 75 701
54 76 617
54 78 960
54 79 737
54 80 456
54 81 978
54 83 772
54 84 714
54 88 662
54 89 922
54 91 944
54 92 720
54 93 487
54 94 266
54 95 657
54 97 513
55 1 157
55 3 70
55 4 923
55 6 433
55 7 394
55 9 456
55 11 584
55 12 334
55 14 935
55 17 166
55 20 272
55 23 460
55 24 475
55 26 33
55 28 772
55 32 215
55 33 613
55 34 892
55 36 446
55 37 566
55 38 280
55 41 114
55 44 907
55 46 318
55 47 991
55 48 719
55 49 483
55 50 923
55 51 76
55 53 210
55 54 232
55 58 78
55 60 66
55 61 252
55 65 351
55 66 682
55 70 283
55 72 155
55 73 486
55 74 660
55 75 94
55 76 759
55 78 937
55 79 240
55 82 392
55 86 726
55 87 140
55 88 685
55 90 18
55 94 32
55 96 22
55 98 38
55 99 135
55 100 712
56 1 595
56 2 46
56 3 674
56 4 606
56 9 28
56 10 559
56 12 40
56 15 148
56 16 464
56 20 290
56 24 845
56 25 849
56 26 506
56 31 168
56 33 634
56 36 818
56 41 139
56 42 71
56 44 400
56 46 835
56 49 342
56 53 583
56 54 79
56 55 145
56 57 572
56 59 265
56 61 684
56 62 198
56 63 189
56 66 612
56 67 836
56 71 266
56 74 596
56 78 460
56 79 489
56 80 625
56 82 673
56 83 809
56 84 796
56 85 163
56 86 544
56 90 967
56 95 944
56 98 66
56 99 732
56 100 385
57 3 119
57 7 385
57 17 903
57 18 134
57 20 647
57 22 624
57 23 562
57 25 940
57 26 351
57 27 824
57 28 601
57 29 326
57 31 17
57 34 861
57 35 21
57 36 854
57 38 604
57 41 812
57 43 51
57 44 842
57 46 785
57 47 760
57 49 192
57 50 928
57 51 149
57 52 861
57 53 108
57 55 183
57 56 618
57 59 569
57 60 217
57 63 578
57 64 508
57 65 779
57 69 15
57 70 399
57 71 144
57 73 909
57 74 555
57 75 434
57 76 107
57 80 294
57 81 798
57 82 740
57 83 794
57 87 317
57 89 296
57 91 544
57 92 135
57 93 518
57 94 377
57 99 135
58 2 83
58 3 924
58 5 673
58 6 4
58 7 405
58 8 187
58 10 8
58 12 154
58 13 342
58 14 61
58 15 938
58 16 279
58 17 998
58 18 489
58 19 554
58 20 195
58 22 587
58 23 757
58 29 491
58 30 582
58 35 493
58 36 874
58 39 323
58 40 198
58 42 988
58 43 640
58 46 437
58 50 774
58 52 269
58 54 694
58 55 845
58 56 28
58 57 819
58 60 98
58 63 690
58 64 451
58 65 958
58 67 56
58 69 614
58 70 369
58 72 101
58 74 982
58 76 381
58 77 968
58 79 74
58 82 693
58 84 454
58 86 774
58 87 776
58 88 733
58 90 772
58 92 788
58 97 408
59 2 796
59 4 372
59 6 83
59 7 587
59 9 672
59 10 973
59 11 463
59 12 522
59 17 210
59 19 878
59 22 893
59 24 331
59 29 155
59 30 318
59 31 895
59 32 910
59 33 958
59 34 575
59 36 653
59 37 703
59 38 598
59 41 931
59 42 486
59 44 554
59 45 853
59 48 863
59 49 870
59 52 216
59 53 156
59 54 818
59 55 113
59 58 749
59 61 270
59 64 894
59 65 941
59 66 920
59 67 688
59 68 564
59 71 572
59 72 414
59 73 821
59 76 75
59 79 811
59 82 327
59 83 619
59 84 646
59 85 511
59 86 530
59 87 143
59 88 574
59 89 536
59 91 59
59 92 929
59 97 959
59 99 950
59 100 149
60 1 367
60 2 828
60 5 818
60 9 593
60 10 716
60 14 659
60 15 604
60 17 172
60 20 759
60 22 703
60 26 646
60 28 703
60 29 367
60 30 807
60 32 297
60 33 419
60 35 528
60 42 722
60 44 139
60 45 240
60 49 160
60 51 340
60 52 679
60 55 809
60 57 328
60 58 962
60 63 453
60 65 2
60 67 745
60 68 300
60 70 613
60 71 357
60 74 958
60 75 762
60 76 558
60 77 899
60 79 390
60 84 80
60 85 425
60 86 420
60 87 799
60 90 678
60 92 458
60 98 1000
61 4 981
61 5 868
61 11 865
61 13 956
61 14 747
61 16 289
61 19 383
61 21 849
61 22 106
61 23 799
61 29 59
61 32 572
61 36 309
61 37 849
61 39 519
61 40 880
61 41 941
61 43 724
61 44 470
61 47 440
61 48 219
61 57 755
61 58 742
61 59 60
61 60 99
61 63 238
61 64 869
61 65 778
61 67 547
61 68 819
61 69 470
61 73 481
61 75 221
61 76 83
61 77 872
61 78 63
61 80 504
61 81 197
61 83 413
61 86 396
61 87 121
61 89 778
61 90 751
61 91 648
61 92 993
61 93 296
61 95 693
61 97 572
61 99 735
61 100 843
62 1 260
62 2 601
62 3 456
62 6 905
62 7 726
62 10 48
62 11 608
62 12 52
62 13 809
62 14 741
62 15 609
62 16 503
62 17 518
62 18 452
62 20 549
62 21 631
62 22 681
62 23 297
62 24 425
62 26 150
62 27 984
62 28 258
62 29 825
62 30 78
62 31 916
62 33 240
62 37 646
62 38 643
62 40 226
62 42 608
62 45 136
62 46 21
62 48 572
62 49 927
62 50 705
62 52 178
62 53 40
62 56 774
62 57 321
62 59 604
62 63 414
62 64 688
62 67 720
62 68 673
62 69 390
62 70 895
62 73 172
62 80 772
62 83 782
62 86 991
62 88 478
62 92 434
62 95 430
62 96 932
62 97 236
62 98 415
62 99 379
62 100 502
63 4 133
63 6 970
63 10 164
63 11 455
63 12 624
63 13 523
63 14 478
63 15 89
63 16 692
63 19 166
63 20 453
63 21 38
63 22 286
63 24 857
63 27 863
63 28 673
63 29 563
63 31 513
63 32 108
63 34 877
63 36 374
63 37 750
63 39 272
63 40 356
63 41 1
63 42 163
63 43 954
63 45 293
63 48 653
63 53 33
63 55 206
63 57 53
63 59 518
63 60 383
63 73 804
63 74 567
63 75 521
63 76 360
63 78 478
63 79 933
63 81 424
63 83 802
63 84 773
63 85 252
63 86 86
63 88 556
63 89 243
63 90 877
63 95 527
63 96 568
63 97 171
63 100 797
64 3 858
64 4 307
64 5 960
64 7 516
64 8 999
64 9 217
64 10 981
64 12 649
64 14 402
64 15 758
64 19 480
64 21 111
64 22 498
64 23 733
64 24 131
64 26 364
64 31 264
64 33 797
64 34 557
64 35 148
64 39 287
64 40 988
64 41 310
64 43 631
64 44 484
64 45 353
64 48 223
64 61 628
64 62 225
64 65 827
64 68 246
64 70 510
64 72 315
64 74 732
64 75 469
64 77 460
64 78 688
64 80 724
64 81 763
64 83 452
64 84 423
64 87 942
64 91 924
64 92 799
64 96 278
64 97 62
64 100 466
65 4 969
65 5 797
65 7 255
65 8 915
65 14 94
65 15 806
65 16 890
65 17 686
65 20 354
65 21 280
65 22 334
65 25 667
65 26 912
65 27 693
65 30 606
65 31 92
65 32 474
65 40 440
65 42 174
65 45 388
65 46 255
65 50 700
65 54 46
65 55 343
65 56 375
65 57 60
65 59 689
65 60 363
65 62 131
65 67 576
65 69 589
65 73 446
65 74 849
65 75 296
65 80 924
65 81 485
65 82 86
65 85 461
65 86 308
65 89 571
65 91 490
65 92 730
65 95 922
65 96 523
66 4 788
66 6 479
66 8 661
66 11 77
66 13 976
66 15 847
66 16 256
66 17 712
66 20 833
66 21 939
66 23 446
66 26 978
66 28 268
66 29 710
66 30 946
66 31 405
66 32 802
66 33 123
66 34 897
66 35 424
66 36 433
66 39 507
66 40 998
66 42 863
66 44 466
66 46 333
66 48 127
66 49 821
66 53 219
66 54 246
66 55 805
66 57 788
66 58 248
66 59 840
66 61 777
66 64 124
66 68 473
66 69 655
66 70 211
66 71 133
66 72 158
66 73 211
66 74 185
66 77 597
66 78 20
66 80 520
66 84 665
66 86 669
66 87 924
66 89 734
66 91 247
66 93 486
66 94 763
66 96 999
66 97 173
66 100 120
67 2 675
67 3 420
67 4 819
67 5 620
67 7 528
67 8 918
67 13 959
67 17 295
67 18 516
67 19 841
67 20 64
67 26 920
67 27 855
67 29 519
67 32 213
67 34 591
67 35 744
67 37 238
67 38 913
67 42 880
67 48 842
67 49 328
67 50 74
67 51 487
67 54 548
67 57 8
67 58 648
67 62 401
67 68 660
67 70 916
67 72 420
67 75 444
67 77 556
67 79 329
67 81 474
67 85 247
67 87 320
67 90 450
67 91 364
67 95 321
67 97 638
68 2 633
68 3 66
68 5 213
68 6 289
68 8 124
68 14 53
68 20 483
68 22 567
68 24 27
68 25 615
68 26 602
68 27 884
68 29 815
68 32 863
68 33 47
68 34 960
68 35 860
68 40 632
68 42 81
68 44 99
68 46 587
68 49 749
68 52 435
68 54 558
68 57 344
68 59 27
68 60 721
68 63 286
68 67 982
68 69 774
68 72 822
68 75 61
68 77 851
68 78 628
68 79 542
68 84 587
68 86 472
68 87 320
68 89 350
68 90 917
68 91 720
68 93 216
68 96 324
68 97 344
68 98 152
68 100 695
69 4 641
69 5 904
69 6 994
69 7 667
69 11 383
69 14 660
69 15 122
69 16 698
69 18 857
69 21 965
69 22 198
69 24 168
69 25 394
69 26 183
69 28 348
69 29 828
69 31 946
69 32 426
69 33 201
69 34 666
69 39 303
69 40 981
69 41 622
69 43 393
69 44 830
69 45 733
69 46 804
69 47 324
69 49 271
69 50 469
69 55 620
69 56 934
69 60 885
69 62 588
69 64 213
69 65 577
69 67 224
69 70 290
69 74 688
69 76 127
69 77 892
69 81 772
69 82 393
69 84 671
69 86 160
69 89 154
69 91 847
69 92 912
69 94 400
70 1 824
70 2 389
70 3 631
70 4 790
70 8 64
70 9 588
70 10 906
70 11 271
70 13 255
70 14 809
70 15 368
70 16 361
70 20 922
70 21 728
70 22 398
70 23 495
70 24 687
70 27 355
70 34 435
70 37 405
70 38 739
70 41 381
70 42 936
70 44 54
70 46 944
70 47 442
70 48 595
70 50 583
70 54 422
70 55 843
70 58 596
70 60 332
70 61 250
70 62 936
70 63 584
70 64 458
70 67 570
70 68 134
70 71 215
70 74 603
70 76 353
70 77 47
70 78 785
70 79 610
70 83 607
70 85 303
70 86 769
70 88 172
70 90 769
70 92 496
70 94 293
70 98 81
70 99 130
70 100 185
71 1 605
71 2 515
71 3 386
71 4 598
71 5 420
71 6 845
71 8 535
71 9 97
71 10 800
71 11 273
71 12 428
71 14 487
71 15 863
71 16 400
71 17 568
71 19 233
71 23 313
71 26 960
71 27 2
71 33 211
71 35 667
71 37 578
71 41 492
71 42 766
71 43 993
71 44 785
71 45 892
71 46 689
71 49 2
71 51 93
71 52 706
71 53 799
71 54 318
71 55 241
71 56 237
71 58 465
71 62 602
71 65 688
71 68 398
71 69 230
71 70 4
71 75 964
71 76 529
71 79 421
71 80 673
71 82 485
71 83 702
71 84 636
71 85 471
71 86 743
71 87 960
71 89 377
71 90 362
71 94 263
71 96 42
71 97 80
71 99 174
71 100 707
72 1 344
72 7 555
72 8 687
72 10 376
72 13 5
72 16 204
72 18 952
72 21 120
72 22 491
72 23 846
72 24 817
72 25 301
72 26 737
72 28 542
72 31 41
72 32 697
72 35 493
72 37 2
72 38 547
72 40 97
72 43 557
72 44 50
72 47 515
72 48 274
72 49 566
72 50 752
72 52 238
72 53 210
72 54 200
72 57 638
72 59 198
72 64 870
72 65 521
72 67 635
72 68 946
72 73 297
72 75 547
72 76 331
72 82 875
72 84 1000
72 85 365
72 87 739
72 89 460
72 91 794
72 93 869
72 94 418
72 97 88
72 99 986
72 100 997
73 1 590
73 3 880
73 4 929
73 5 853
73 6 986
73 7 324
73 8 82
73 9 960
73 13 711
73 15 781
73 17 951
73 18 752
73 19 30
73 20 18
73 22 638
73 24 603
73 31 790
73 33 588
73 34 155
73 37 120
73 40 117
73 41 501
73 42 147
73 43 220
73 44 9
73 45 675
73 47 685
73 48 411
73 49 357
73 53 289
73 55 632
73 57 774
73 60 801
73 62 426
73 63 279
73 64 686
73 66 14
73 68 697
73 70 432
73 76 445
73 79 401
73 82 200
73 83 407
73 84 748
73 88 797
73 94 511
73 99 585
74 2 163
74 3 644
74 5 235
74 7 633
74 8 733
74 10 975
74 11 902
74 14 606
74 15 238
74 16 470
74 18 650
74 19 806
74 20 375
74 21 330
74 27 453
74 29 16
74 30 191
74 31 184
74 35 430
74 37 95
74 38 546
74 40 869
74 41 974
74 42 125
74 45 463
74 46 293
74 48 188
74 49 972
74 54 992
74 56 348
74 63 71
74 66 595
74 68 534
74 70 162
74 73 423
74 76 971
74 78 389
74 80 995
74 81 278
74 82 152
74 88 936
74 89 102
74 92 609
74 94 268
74 95 538
74 96 280
74 97 867
74 100 92
75 3 778
75 4 915
75 6 392
75 10 727
75 11 797
75 12 765
75 15 21
75 16 786
75 17 792
75 20 465
75 21 661
75 23 811
75 24 16
75 25 663
75 26 369
75 29 708
75 33 979
75 36 381
75 38 878
75 40 615
75 41 394
75 42 932
75 46 281
75 47 960
75 49 663
75 54 947
75 56 80
75 57 192
75 58 126
75 63 362
75 65 71
75 69 505
75 70 452
75 71 558
75 72 385
75 74 481
75 80 456
75 85 511
75 86 914
75 90 378
75 91 191
75 95 761
75 96 153
75 99 348
76 2 129
76 3 833
76 4 65
76 6 80
76 7 403
76 9 998
76 14 366
76 17 140
76 19 685
76 25 516
76 28 603
76 29 377
76 30 563
76 32 120
76 34 620
76 37 341
76 38 376
76 39 21
76 40 384
76 43 884
76 46 759
76 48 166
76 50 154
76 51 210
76 52 126
76 53 551
76 54 67
76 55 656
76 57 264
76 58 12
76 59 530
76 61 705
76 63 405
76 67 688
76 68 367
76 77 741
76 78 998
76 82 71
76 83 46
76 84 324
76 85 468
76 87 326
76 88 450
76 89 748
76 92 62
76 94 870
76 97 257
76 99 391
77 1 638
77 5 769
77 6 942
77 8 80
77 14 874
77 18 281
77 19 109
77 20 141
77 22 353
77 23 901
77 24 637
77 28 93
77 30 34
77 32 821
77 35 488
77 40 150
77 41 175
77 43 3
77 44 997
77 46 440
77 48 541
77 51 323
77 55 992
77 57 827
77 58 380
77 59 229
77 65 861
77 66 538
77 67 685
77 68 362
77 72 31
77 73 894
77 74 162
77 78 438
77 79 756
77 80 684
77 81 653
77 82 636
77 83 687
77 85 176
77 88 598
77 90 116
77 91 888
77 92 747
77 95 75
77 96 901
77 97 593
77 98 126
77 100 685
78 1 994
78 4 876
78 5 302
78 6 213
78 7 314
78 8 632
78 9 723
78 10 834
78 11 840
78 14 378
78 15 998
78 16 955
78 19 33
78 23 654
78 26 983
78 27 580
78 28 105
78 30 127
78 34 262
78 37 928
78 38 920
78 39 555
78 40 894
78 41 33
78 43 971
78 44 2
78 45 608
78 47 768
78 49 380
78 52 199
78 53 137
78 61 868
78 64 133
78 66 832
78 67 507
78 68 461
78 70 150
78 71 654
78 73 932
78 75 502
78 77 683
78 79 285
78 80 402
78 81 407
78 83 583
78 86 46
78 87 320
78 88 825
78 89 739
78 92 741
78 93 12
78 96 475
78 99 704
78 100 603
79 4 99
79 7 241
79 9 406
79 10 784
79 12 517
79 15 531
79 17 898
79 18 348
79 19 210
79 20 293
79 21 731
79 22 767
79 25 522
79 27 957
79 30 733
79 31 864
79 32 18
79 37 603
79 44 81
79 48 397
79 49 783
79 50 775
79 52 753
79 53 493
79 54 46
79 56 131
79 59 761
79 61 507
79 64 800
79 68 73
79 69 48
79 70 207
79 73 725
79 74 648
79 77 301
79 78 848
79 80 910
79 81 454
79 84 485
79 85 435
79 88 387
79 89 589
79 90 438
79 91 338
79 92 742
79 94 729
79 96 658
79 98 773
79 100 692
80 1 520
80 3 856
80 4 28
80 7 38
80 9 128
80 12 591
80 14 653
80 15 703
80 17 80
80 18 16
80 21 447
80 23 508
80 27 330
80 28 675
80 31 784
80 34 790
80 37 654
80 38 311
80 40 405
80 42 81
80 46 434
80 48 46
80 50 58
80 53 38
80 54 519
80 57 937
80 59 77
80 61 246
80 63 55
80 64 516
80 67 120
80 68 526
80 69 352
80 72 563
80 73 628
80 76 104
80 82 556
80 84 333
80 86 665
80 87 841
80 89 249
80 97 996
80 98 468
80 100 944
81 1 926
81 2 930
81 4 338
81 5 323
81 6 357
81 7 595
81 8 968
81 10 952
81 11 425
81 12 627
81 14 320
81 17 106
81 18 688
81 19 634
81 21 163
81 23 928
81 27 472
81 29 136
81 30 684
81 34 473
81 36 124
81 42 583
81 43 961
81 45 909
81 47 503
81 48 241
81 55 528
81 57 767
81 59 756
81 60 48
81 61 898
81 63 797
81 65 314
81 66 286
81 70 371
81 73 225
81 76 34
81 77 938
81 79 915
81 80 623
81 86 853
81 87 834
81 88 460
81 90 675
81 94 161
81 100 102
82 1 928
82 2 903
82 3 919
82 6 849
82 7 613
82 11 304
82 13 849
82 15 256
82 18 953
82 21 766
82 22 914
82 26 882
82 27 987
82 30 692
82 31 747
82 33 334
82 34 485
82 35 865
82 37 512
82 39 389
82 40 631
82 41 812
82 43 904
82 45 817
82 49 786
82 50 496
82 53 745
82 54 127
82 55 505
82 56 507
82 57 143
82 58 470
82 60 524
82 62 975
82 63 17
82 66 867
82 69 7
82 70 706
82 71 968
82 74 507
82 76 698
82 77 446
82 78 1000
82 83 36
82 84 979
82 85 777
82 87 254
82 88 701
82 90 349
82 92 825
82 99 398
82 100 509
83 3 782
83 5 265
83 7 565
83 8 734
83 9 755
83 10 896
83 12 732
83 13 683
83 17 240
83 18 154
83 20 474
83 21 484
83 22 250
83 24 200
83 27 326
83 30 735
83 31 640
83 32 252
83 35 2
83 38 239
83 42 652
83 45 492
83 47 1000
83 49 613
83 52 177
83 53 175
83 55 2
83 56 59
83 57 11
83 61 171
83 63 341
83 65 455
83 71 410
83 73 811
83 74 966
83 77 248
83 79 993
83 80 6
83 81 225
83 85 504
83 90 951
83 91 433
83 95 756
83 96 220
83 97 967
83 98 186
83 99 621
83 100 187
84 2 857
84 3 251
84 4 135
84 7 216
84 8 604
84 11 871
84 12 182
84 14 725
84 15 611
84 16 763
84 22 968
84 25 453
84 29 278
84 30 246
84 35 319
84 38 795
84 42 417
84 43 512
84 44 630
84 45 89
84 47 42
84 48 182
84 51 426
84 52 933
84 53 908
84 55 67
84 56 713
84 58 768
84 60 681
84 62 542
84 63 858
84 66 426
84 67 698
84 69 823
84 70 718
84 71 961
84 72 901
84 73 159
84 74 840
84 75 263
84 76 593
84 78 17
84 80 217
84 81 301
84 85 101
84 86 822
84 87 751
84 91 894
84 93 744
84 94 302
84 95 392
84 96 73
84 97 744
84 98 152
84 99 576
84 100 820
85 2 500
85 3 535
85 6 529
85 7 620
85 11 840
85 13 840
85 16 651
85 19 371
85 22 316
85 24 624
85 25 360
85 29 745
85 30 221
85 31 480
85 32 894
85 33 598
85 34 531
85 35 302
85 36 978
85 38 951
85 39 825
85 41 98
85 43 293
85 45 616
85 46 880
85 48 754
85 49 689
85 52 786
85 57 941
85 60 287
85 62 951
85 63 203
85 64 974
85 66 848
85 68 568
85 70 831
85 71 556
85 72 353
85 73 43
85 74 225
85 76 483
85 77 405
85 78 3
85 87 143
85 94 140
86 1 547
86 3 652
86 6 493
86 7 188
86 10 623
86 11 577
86 12 244
86 14 107
86 15 383
86 18 407
86 22 136
86 27 315
86 32 158
86 33 753
86 35 919
86 37 441
86 41 682
86 42 504
86 45 16
86 46 842
86 49 206
86 50 405
86 52 549
86 53 582
86 55 419
86 56 703
86 59 341
86 60 656
86 61 853
86 63 445
86 64 624
86 65 863
86 67 267
86 68 816
86 69 389
86 70 123
86 71 102
86 72 983
86 74 480
86 75 716
86 76 384
86 79 245
86 80 255
86 81 793
86 84 937
86 85 712
86 87 14
86 92 558
86 93 969
86 94 963
86 95 841
86 96 225
86 97 593
86 99 421
87 2 524
87 3 509
87 5 300
87 6 68
87 7 854
87 8 462
87 13 300
87 14 9
87 15 566
87 16 318
87 18 994
87 19 244
87 21 572
87 23 215
87 24 67
87 29 341
87 31 141
87 32 71
87 34 541
87 36 958
87 38 319
87 39 108
87 40 124
87 45 329
87 46 210
87 48 273
87 49 931
87 50 897
87 52 792
87 53 1
87 54 218
87 55 36
87 60 611
87 61 589
87 62 790
87 64 797
87 66 693
87 68 970
87 71 428
87 72 345
87 73 96
87 74 637
87 75 608
87 77 501
87 85 843
87 88 630
87 89 210
87 90 43
87 91 862
87 93 609
87 95 399
87 96 29
87 98 138
88 1 508
88 2 212
88 5 699
88 6 391
88 7 2
88 9 891
88 10 426
88 13 512
88 14 519
88 15 167
88 16 212
88 18 504
88 20 196
88 21 902
88 22 144
88 23 438
88 28 12
88 29 598
88 31 203
88 36 392
88 38 504
88 39 490
88 42 380
88 43 271
88 46 402
88 47 795
88 51 920
88 53 51
88 54 203
88 56 724
88 57 205
88 59 747
88 62 591
88 63 937
88 64 912
88 65 520
88 71 229
88 72 920
88 73 973
88 80 36
88 81 610
88 84 413
88 85 478
88 90 461
88 93 33
88 95 11
88 96 736
88 100 231
89 1 193
89 3 452
89 5 273
89 7 79
89 8 83
89 9 953
89 10 646
89 12 628
89 13 827
89 15 283
89 18 689
89 22 791
89 24 46
89 25 152
89 27 352
89 28 706
89 37 501
89 40 121
89 43 573
89 44 2
89 45 31
89 49 1
89 52 901
89 53 247
89 57 547
89 58 100
89 60 852
89 62 463
89 68 240
89 70 237
89 71 789
89 73 412
89 74 104
89 75 383
89 77 491
89 78 266
89 81 790
89 82 732
89 84 813
89 86 750
89 87 709
89 88 318
89 90 470
89 92 515
89 94 785
89 95 499
89 96 110
89 97 499
89 100 495
90 1 805
90 2 20
90 4 656
90 6 680
90 8 707
90 13 510
90 14 571
90 15 680
90 18 168
90 20 850
90 22 704
90 23 191
90 26 258
90 29 597
90 30 760
90 36 343
90 40 659
90 42 531
90 44 774
90 45 214
90 46 881
90 50 750
90 51 777
90 52 665
90 55 284
90 56 132
90 58 853
90 59 20
90 62 77
90 63 337
90 64 475
90 65 425
90 67 956
90 70 248
90 72 899
90 74 361
90 76 743
90 77 658
90 79 990
90 81 827
90 82 939
90 84 978
90 88 533
90 99 9
90 100 89
91 3 885
91 4 497
91 7 173
91 9 247
91 12 368
91 14 491
91 15 876
91 17 145
91 18 970
91 21 530
91 22 5
91 23 613
91 25 407
91 26 949
91 28 520
91 31 207
91 32 947
91 34 421
91 36 855
91 40 73
91 41 833
91 42 857
91 44 28
91 46 650
91 47 947
91 49 503
91 50 376
91 52 524
91 58 11
91 59 116
91 60 1
91 62 488
91 63 816
91 64 637
91 69 33
91 70 539
91 72 205
91 73 22
91 75 847
91 76 343
91 78 383
91 79 996
91 82 110
91 83 478
91 84 271
91 86 817
91 92 88
91 93 331
91 94 480
91 96 408
91 97 685
91 98 589
92 2 673
92 6 214
92 11 795
92 13 737
92 18 620
92 20 650
92 22 167
92 24 987
92 25 620
92 28 52
92 29 816
92 30 509
92 31 644
92 33 201
92 34 867
92 37 15
92 40 467
92 41 377
92 44 559
92 45 573
92 47 793
92 49 173
92 50 109
92 51 595
92 53 715
92 56 671
92 60 608
92 64 757
92 66 416
92 68 794
92 69 311
92 70 773
92 71 774
92 72 249
92 73 932
92 76 401
92 80 842
92 81 527
92 82 668
92 84 14
92 85 22
92 86 314
92 87 952
92 90 576
92 94 773
92 95 646
92 96 910
92 99 878
92 100 535
93 1 919
93 2 844
93 4 132
93 9 759
93 10 156
93 18 733
93 19 537
93 20 767
93 22 243
93 23 293
93 25 766
93 27 385
93 28 193
93 29 607
93 32 466
93 35 118
93 36 190
93 38 562
93 40 534
93 44 21
93 45 945
93 46 980
93 47 299
93 49 101
93 50 10
93 54 439
93 56 395
93 57 265
93 58 697
93 59 919
93 61 633
93 62 890
93 63 60
93 66 48
93 67 20
93 73 554
93 77 426
93 80 439
93 85 407
93 86 862
93 87 307
93 89 665
93 90 527
93 91 284
93 95 512
93 96 935
93 99 696
93 100 170
94 2 595
94 5 471
94 8 573
94 9 755
94 10 321
94 11 838
94 12 262
94 13 257
94 16 335
94 19 226
94 21 261
94 22 861
94 24 749
94 25 346
94 26 387
94 30 196
94 35 120
94 36 376
94 38 8
94 40 101
94 41 458
94 43 443
94 45 78
94 46 537
94 49 14
94 52 336
94 54 489
94 55 863
94 57 46
94 58 789
94 60 123
94 65 856
94 69 326
94 70 699
94 71 235
94 75 6
94 76 502
94 77 180
94 79 85
94 84 330
94 86 793
94 87 710
94 88 764
94 89 418
94 92 889
94 93 964
94 95 377
94 98 735
94 99 446
94 100 220
95 1 765
95 2 875
95 6 431
95 7 536
95 8 920
95 9 2
95 10 58
95 16 248
95 20 820
95 21 7
95 22 160
95 24 887
95 25 729
95 31 865
95 32 968
95 33 857
95 34 295
95 35 18
95 37 112
95 38 312
95 39 698
95 40 788
95 42 869
95 43 713
95 45 178
95 46 294
95 49 352
95 53 333
95 55 578
95 58 936
95 62 745
95 65 131
95 66 511
95 70 468
95 75 198
95 77 215
95 81 300
95 83 876
95 85 346
95 88 568
95 90 326
95 92 643
95 93 679
95 96 417
95 97 633
95 98 612
95 99 816
95 100 26
96 4 560
96 7 765
96 8 765
96 9 376
96 12 80
96 13 883
96 15 149
96 16 137
96 19 495
96 20 333
96 21 212
96 22 380
96 23 191
96 24 202
96 25 378
96 27 697
96 29 289
96 30 603
96 31 317
96 32 834
96 34 550
96 37 745
96 41 306
96 43 468
96 45 596
96 49 434
96 50 710
96 52 610
96 53 571
96 55 600
96 56 126
96 57 64
96 58 729
96 62 277
96 63 978
96 64 117
96 65 758
96 71 917
96 72 288
96 73 196
96 74 31
96 78 606
96 79 335
96 83 929
96 89 856
96 91 909
96 93 85
96 98 89
97 3 797
97 4 865
97 5 691
97 7 727
97 8 902
97 9 283
97 10 856
97 11 410
97 13 49
97 14 191
97 15 656
97 16 988
97 17 645
97 18 451
97 20 914
97 21 19
97 26 282
97 28 65
97 29 216
97 32 364
97 35 911
97 36 628
97 38 226
97 41 712
97 46 292
97 47 245
97 50 857
97 51 615
97 52 376
97 55 831
97 57 668
97 60 387
97 65 633
97 67 273
97 68 289
97 71 217
97 76 468
97 78 85
97 81 735
97 82 732
97 83 18
97 84 724
97 85 393
97 86 64
97 88 323
97 90 420
97 91 228
97 92 336
97 99 767
97 100 950
98 1 902
98 3 62
98 4 708
98 5 292
98 9 339
98 11 638
98 12 910
98 15 970
98 16 250
98 17 517
98 18 386
98 19 584
98 21 871
98 25 120
98 27 632
98 28 73
98 31 391
98 33 929
98 35 616
98 38 185
98 40 595
98 43 855
98 44 960
98 45 402
98 46 559
98 48 271
98 53 889
98 54 297
98 55 264
98 58 484
98 63 882
98 64 544
98 70 200
98 71 720
98 73 182
98 74 826
98 75 636
98 80 857
98 85 295
98 86 650
98 89 6
98 92 908
98 93 174
98 94 965
98 95 318
98 96 665
98 99 674
98 100 237
99 1 335
99 2 668
99 4 644
99 8 237
99 10 291
99 17 261
99 18 944
99 19 780
99 20 666
99 24 272
99 25 990
99 27 568
99 28 693
99 29 210
99 30 370
99 35 788
99 36 76
99 38 259
99 40 451
99 41 157
99 42 158
99 43 718
99 46 668
99 49 59
99 51 511
99 55 184
99 59 652
99 61 999
99 62 774
99 64 616
99 67 956
99 68 848
99 69 187
99 73 129
99 75 707
99 76 633
99 77 863
99 78 846
99 79 293
99 81 300
99 82 268
99 83 305
99 86 345
99 88 742
99 89 863
99 91 888
99 100 700
100 1 942
100 2 181
100 3 716
100 5 807
100 9 310
100 19 656
100 20 275
100 21 140
100 26 549
100 27 573
100 30 845
100 31 15
100 36 469
100 42 883
100 44 55
100 47 414
100 50 266
100 51 750
100 52 325
100 53 263
100 54 149
100 55 260
100 56 46
100 57 879
100 61 181
100 63 350
100 64 193
100 65 254
100 68 329
100 69 623
100 75 894
100 80 953
100 82 285
100 85 354
100 86 380
100 88 261
100 90 992
100 91 691
100 93 859
100 96 747
100 97 610
100 98 153